import library
read grey img
[[78 81 85 ... 97 97 97]
 [78 81 82 ... 94 93 91]
 [80 79 79 ... 98 96 95]
 ...
 [ 1  1  1 ...  1  1  1]
 [ 1  1  1 ...  1  1  1]
 [ 1  1  1 ...  1  1  1]]
Width:500,Height:614
X Gradient:
[[0 0 0 ... 0 0 0]
 [0 2 3 ... 4 3 0]
 [0 1 2 ... 2 4 0]
 ...
 [0 0 0 ... 0 0 0]
 [0 0 0 ... 0 0 0]
 [0 0 0 ... 0 0 0]]
Y Gradient:
[[0 0 0 ... 0 0 0]
 [0 2 3 ... 4 3 0]
 [0 1 2 ... 2 4 0]
 ...
 [0 0 0 ... 0 0 0]
 [0 0 0 ... 0 0 0]
 [0 0 0 ... 0 0 0]]
[[ 2  3  6 ...  9  5  3]
 [ 1  2  4 ...  8  5  5]
 [ 2  3  5 ... 13 10 10]
 ...
 [ 0  0  0 ...  0  0  0]
 [ 0  0  0 ...  0  0  0]
 [ 0  0  0 ...  0  0  0]]
[[ 2  3  6 ...  9  5  3]
 [ 1  2  4 ...  8  5  5]
 [ 2  3  5 ... 13 10 10]
 ...
 [ 0  0  0 ...  0  0  0]
 [ 0  0  0 ...  0  0  0]
 [ 0  0  0 ...  0  0  0]]
[[ 2  3  6 ...  9  5  3]
 [ 1  2  4 ...  8  5  5]
 [ 2  3  5 ... 13 10 10]
 ...
 [ 0  0  0 ...  0  0  0]
 [ 0  0  0 ...  0  0  0]
 [ 0  0  0 ...  0  0  0]]
[[ -0.96  -2.16  -8.64 ... -19.44  -6.    -2.16]
 [ -0.24  -0.96  -3.84 ... -15.36  -6.    -6.  ]
 [ -0.96  -2.16  -6.   ... -40.56 -24.   -24.  ]
 ...
 [  0.     0.     0.   ...   0.     0.     0.  ]
 [  0.     0.     0.   ...   0.     0.     0.  ]
 [  0.     0.     0.   ...   0.     0.     0.  ]]
